lastAccountName: seonbwii
timestamps:
  login: 1582161554862
  logout: 1582161623186
ipAddress: 24.67.62.228
lastlocation:
  world: Pixel Craft (S3)
  x: 37.28122110901222
  y: 64.0
  z: 253.25424727577047
  yaw: 348.6488
  pitch: 16.050001
logoutlocation:
  world: Pixel Craft (S3)
  x: 250.42482278404697
  y: 71.0
  z: 48.465173213778336
  yaw: 15.037079
  pitch: 11.700102
