lastAccountName: GamerGabriel
timestamps:
  login: 1566859118767
  logout: 1566859714138
ipAddress: 142.179.35.212
logoutlocation:
  world: Pixel Craft (S3)
  x: 781.0085009294669
  y: 16.0
  z: -859.0569755360482
  yaw: 320.02765
  pitch: 6.312561
money: '200'
