lastAccountName: CrustyBird
timestamps:
  login: 1584839578105
  logout: 1584839639760
ipAddress: 174.4.250.195
lastlocation:
  world: Pixel Craft (S3)
  x: 241.5
  y: 1.0
  z: 67.5
  yaw: 1.0652221
  pitch: 0.0
logoutlocation:
  world: Pixel Craft (S3)
  x: 242.4314903148212
  y: 63.0
  z: 72.98203990000665
  yaw: 185.13678
  pitch: 1.5000767
