lastAccountName: _Pengu__
timestamps:
  login: 1584661155939
  logout: 1584661187133
  lastteleport: 1568846243710
ipAddress: 99.250.178.233
logoutlocation:
  world: Pixel Craft (S3)
  x: 198.42409612685222
  y: 63.0
  z: 106.19193196897966
  yaw: -346.75797
  pitch: 15.242737
lastlocation:
  world: Pixel Craft (S3)
  x: 226.0506861390601
  y: 85.64375994610786
  z: 22.008588403038708
  yaw: -177.35269
  pitch: 20.252392
mail:
- §6[§rHerobrain_gamer§6] §rYankee Echo Echo Tango Yankee Oscar Uniform Romeo Sierra
  Echo Lima Foxtrot Oscar Foxtrot Foxtrot Alpha Charlie Lima India Foxtrot
