lastAccountName: Stranqe_People
timestamps:
  login: 1587436773380
  lastteleport: 1587444589062
  logout: 1587448178599
ipAddress: 24.117.36.162
lastlocation:
  world: Pixel Craft (S3)
  x: 293.05588095709413
  y: 74.0
  z: 119.26820867146027
  yaw: -279.9181
  pitch: 11.250202
afk: false
logoutlocation:
  world: Pixel Craft (S3)
  x: 194.69999998807907
  y: 64.0
  z: -287.02971749779385
  yaw: -0.008056641
  pitch: 16.199865
homes:
  home:
    world: Pixel Craft (S3)
    x: 80.77114547160993
    y: 92.0
    z: -270.35181910378094
    yaw: 157.33629
    pitch: 26.84952
