lastAccountName: TheTrueDuality
timestamps:
  login: 1567542006230
  logout: 1567542256522
ipAddress: 173.183.95.88
logoutlocation:
  world: Pixel Craft (S3)
  x: 624.5938425627194
  y: 66.875
  z: 2643.17012794505
  yaw: 355.70874
  pitch: 48.87496
money: '200'
