lastAccountName: AnnyongB
timestamps:
  login: 1570558483597
  logout: 1570559803302
  lastteleport: 1570559189022
ipAddress: 173.183.80.209
logoutlocation:
  world: Pixel Craft (S3)
  x: 765.2140060502485
  y: 64.0
  z: 2173.912035777587
  yaw: 305.80762
  pitch: 1.1996626
lastlocation:
  world: Pixel Craft (S3)
  x: 761.7659257438769
  y: 64.0
  z: 2182.4079742629756
  yaw: -18.394592
  pitch: 19.349672
