lastAccountName: FiddleWorm
timestamps:
  login: 1587268013183
  lastteleport: 1586478279269
  logout: 1587268057736
ipAddress: 50.21.229.132
lastlocation:
  world: Pixel Craft (S3)
  x: 822.0122184905548
  y: 73.0
  z: -669.0588381689068
  yaw: 119.30658
  pitch: 6.920969
logoutlocation:
  world: Pixel Craft (S3)
  x: 72.27576209015582
  y: 75.0903651162153
  z: 615.8665704652142
  yaw: 13.28634
  pitch: 30.29214
