lastAccountName: wolfcat01
timestamps:
  login: 1585798670980
  logout: 1585799455562
  lastteleport: 1573542807468
  command-cooldowns: []
  lastheal: 1570255657029
ipAddress: 173.180.204.164
lastlocation:
  world: Pixel Craft (S3)
  x: -8901.560226555639
  y: 84.48726578832492
  z: -993.6263130299357
  yaw: -22.030485
  pitch: 12.405031
logoutlocation:
  world: Pixel Craft (S3)
  x: -8966.295759762905
  y: 72.0
  z: -847.1479842691499
  yaw: 120.64783
  pitch: 0.55853903
afk: false
homes:
  hole:
    world: Pixel Craft (S3)
    x: 622.4455911472019
    y: 67.0
    z: 2640.611941055732
    yaw: 9.960995
    pitch: 19.180122
  farm:
    world: Pixel Craft (S3)
    x: -7304.5
    y: 39.0
    z: 276.5
    yaw: -0.7993343
    pitch: 2.6077337
  gav:
    world: Pixel Craft (S3)
    x: -3961.699999988079
    y: 54.875
    z: -619.5439100966128
    yaw: -71.901505
    pitch: 40.82075
money: '201'
