lastAccountName: muttonbuster8
timestamps:
  login: 1570853947860
  lastteleport: 1570852465269
  logout: 1570854142540
ipAddress: 50.98.48.58
lastlocation:
  world: Pixel Craft (S3)
  x: 517.6581180311406
  y: 64.0
  z: 602.6448090150711
  yaw: -170.66016
  pitch: 4.9497004
nickname: Brendan
logoutlocation:
  world: Pixel Craft (S3)_nether
  x: -38.83449124504174
  y: 64.0
  z: -55.448645514821116
  yaw: -184.38754
  pitch: 22.199184
