lastAccountName: Herobrain_gamer
timestamps:
  login: 1567780038217
  logout: 1567780688939
  lastteleport: 1567780513823
ipAddress: 24.67.57.114
lastlocation:
  world: Pixel Craft (S3)
  x: 216.24804191899017
  y: 60.847482363694574
  z: 65.90546337344347
  yaw: -49.459045
  pitch: -1.349888
logoutlocation:
  world: Pixel Craft (S3)
  x: 227.73554367239163
  y: 63.0
  z: 79.87141773038725
  yaw: -282.86417
  pitch: 5.100082
afk: false
godmode: false
powertools: {}
powertoolsenabled: true
money: '200.0'
homes:
  base:
    world: Pixel Craft (S3)
    x: -8865.377062654772
    y: 63.0
    z: -968.5726289043957
    yaw: -271.19894
    pitch: 1.3499993
  storage:
    world: Pixel Craft (S3)
    x: -8875.5
    y: 10.0
    z: -1012.5
    yaw: 113.91394
    pitch: 2.5493784
  afk:
    world: Pixel Craft (S3)
    x: -8871.5
    y: 67.875
    z: -946.5
    yaw: 224.46562
    pitch: 12.149752
  guardian:
    world: Pixel Craft (S3)
    x: -9424.5
    y: 28.0
    z: -1219.5
    yaw: -358.224
    pitch: -0.3780438
