lastAccountName: midna_87
timestamps:
  login: 1586232682763
  lastteleport: 1586234069879
  logout: 1586234521918
  command-cooldowns:
  - pattern: heal( .*)?
    expiry: 1586234349839
  lastheal: 1586234289839
ipAddress: 207.6.67.136
lastlocation:
  world: Pixel Craft (S3)
  x: 1281.5
  y: 106.0000002
  z: 164.5
  yaw: 2.5500004
  pitch: -0.15
afk: false
nickname: ยง6thatgayfurry
homes:
  home:
    world: Pixel Craft (S3)
    x: 1280.4250542819475
    y: 106.0
    z: 164.22688035056595
    yaw: 82.08221
    pitch: 29.39995
  undersea:
    world: Pixel Craft (S3)
    x: -6083.974386538992
    y: 37.0
    z: 2694.848745523696
    yaw: -305.39813
    pitch: 25.199945
  birds:
    world: Pixel Craft (S3)
    x: 1037.02472270564
    y: 103.85280652273771
    z: 107.82126351972312
    yaw: 235.53113
    pitch: 71.4
  animals:
    world: Pixel Craft (S3)
    x: 1060.2312109335612
    y: 96.0
    z: -308.7826827080917
    yaw: 33.632156
    pitch: 58.499878
logoutlocation:
  world: Pixel Craft (S3)
  x: -8.623906423572993
  y: 85.87083364804343
  z: 47.501918063596754
  yaw: -277.85858
  pitch: 31.199987
