lastAccountName: Zyfur
timestamps:
  login: 1578265543931
  lastteleport: 1570753682109
  logout: 1578265550934
ipAddress: 73.180.22.135
lastlocation:
  world: Pixel Craft (S3)
  x: 188.21326993209408
  y: 63.0
  z: 102.93471448995042
  yaw: -144.41605
  pitch: -10.199883
money: '0'
logoutlocation:
  world: Pixel Craft (S3)
  x: 24551.38966975705
  y: 69.0
  z: 23814.919104560613
  yaw: -19.626526
  pitch: 15.451288
