spawns: 
  default: 
    world: Pixel Craft (S3)
    x: 241.57435177304046
    y: 63.0
    z: 67.56220041722297
    yaw: -88.91315
    pitch: 2.4001007
