world: Pixel Craft (S3)_the_end
x: 278.8108741596416
y: 1.0625
z: 0.540713483455986
yaw: -91.049805
pitch: 10.049997
name: EndermanFarm
lastowner: c8d6aeb2-caa6-4381-8815-330fe2677c98
