world: Pixel Craft (S3)
x: -3826.279723616268
y: 63.0
z: -708.7240553735692
yaw: -0.9048802
pitch: 4.949952
name: MiniGames
lastowner: c8d6aeb2-caa6-4381-8815-330fe2677c98
