world: Pixel Craft (S3)
x: 240.51955893977328
y: 63.0
z: 84.46200379814488
yaw: -44.39331
pitch: 6.724653
name: PostOffice
lastowner: c8d6aeb2-caa6-4381-8815-330fe2677c98
