world: Pixel Craft (S3)
x: 36.68622132172219
y: 33.0
z: 300.8570358122089
yaw: 33.856125
pitch: 6.4495263
name: SkeletonFarm
lastowner: ae50d7cd-f820-4bbe-8d48-fdbb3ab131eb
