world: Pixel Craft (S3)_nether
x: -604.384024153511
y: 50.0
z: -87.53136059505266
yaw: -270.11304
pitch: -1.9500867
name: WitherSkeletonFarm
lastowner: c8d6aeb2-caa6-4381-8815-330fe2677c98
