world: Pixel Craft (S3)_nether
x: -38.468714893642016
y: 128.5
z: -75.49331539733929
yaw: -179.81227
pitch: -65.69998
name: ZombiePigmanFarm
lastowner: c8d6aeb2-caa6-4381-8815-330fe2677c98
