world: Pixel Craft (S3)
x: 106.72287735188124
y: 17.0
z: 291.2500540126214
yaw: 46.786884
pitch: -1.3499737
name: ZombieFarm
lastowner: c8d6aeb2-caa6-4381-8815-330fe2677c98
